1.000 0.997 0.984 0.958 0.963 0.960 0.925 0.853 0.755 0.664 0.513 0.395 0.198 0.121 0.044 -0.008 0.028 -0.014 0.034 -0.007 -0.037 -0.067 -0.011
0.997 1.000 0.992 0.967 0.963 0.954 0.910 0.831 0.730 0.637 0.483 0.364 0.168 0.091 0.020 -0.030 0.010 -0.024 0.028 -0.007 -0.038 -0.068 -0.012
0.984 0.992 1.000 0.983 0.964 0.942 0.873 0.779 0.669 0.569 0.409 0.289 0.090 0.016 -0.047 -0.086 -0.035 -0.053 0.003 -0.029 -0.057 -0.083 -0.030
0.958 0.967 0.983 1.000 0.973 0.938 0.843 0.727 0.603 0.496 0.331 0.209 0.012 -0.061 -0.120 -0.155 -0.106 -0.112 -0.046 -0.078 -0.106 -0.133 -0.089
0.963 0.963 0.964 0.973 1.000 0.975 0.886 0.776 0.651 0.544 0.377 0.250 0.054 -0.019 -0.083 -0.129 -0.103 -0.133 -0.076 -0.103 -0.125 -0.136 -0.099
0.960 0.954 0.942 0.938 0.975 1.000 0.936 0.835 0.718 0.615 0.450 0.329 0.130 0.057 -0.022 -0.079 -0.069 -0.113 -0.058 -0.091 -0.119 -0.148 -0.100
0.925 0.910 0.873 0.843 0.886 0.936 1.000 0.947 0.861 0.776 0.626 0.508 0.305 0.226 0.132 0.053 0.041 -0.026 0.015 -0.028 -0.058 -0.094 -0.034
0.853 0.831 0.779 0.727 0.776 0.835 0.947 1.000 0.959 0.900 0.769 0.657 0.464 0.384 0.292 0.207 0.199 0.120 0.136 0.083 0.052 0.005 0.065
0.755 0.730 0.669 0.603 0.651 0.718 0.861 0.959 1.000 0.968 0.867 0.772 0.602 0.524 0.424 0.347 0.321 0.205 0.203 0.141 0.099 0.051 0.109
0.664 0.637 0.569 0.496 0.544 0.615 0.776 0.900 0.968 1.000 0.937 0.861 0.707 0.637 0.538 0.468 0.424 0.287 0.260 0.195 0.158 0.103 0.156
0.513 0.483 0.409 0.331 0.377 0.450 0.626 0.769 0.867 0.937 1.000 0.962 0.845 0.777 0.670 0.597 0.528 0.370 0.309 0.240 0.195 0.146 0.185
0.395 0.364 0.289 0.209 0.250 0.329 0.508 0.657 0.772 0.861 0.962 1.000 0.925 0.868 0.764 0.692 0.630 0.476 0.402 0.332 0.300 0.228 0.262
0.198 0.168 0.090 0.012 0.054 0.130 0.305 0.464 0.602 0.707 0.845 0.925 1.000 0.967 0.880 0.816 0.746 0.597 0.505 0.441 0.417 0.350 0.359
0.121 0.091 0.016 -0.061 -0.019 0.057 0.226 0.384 0.524 0.637 0.777 0.868 0.967 1.000 0.941 0.884 0.817 0.664 0.553 0.479 0.453 0.369 0.369
0.044 0.020 -0.047 -0.120 -0.083 -0.022 0.132 0.292 0.424 0.538 0.670 0.764 0.880 0.941 1.000 0.960 0.881 0.755 0.633 0.567 0.554 0.478 0.441
-0.008 -0.030 -0.086 -0.155 -0.129 -0.079 0.053 0.207 0.347 0.468 0.597 0.692 0.816 0.884 0.960 1.000 0.929 0.798 0.685 0.612 0.590 0.523 0.484
0.028 0.010 -0.035 -0.106 -0.103 -0.069 0.041 0.199 0.321 0.424 0.528 0.630 0.746 0.817 0.881 0.929 1.000 0.923 0.833 0.747 0.697 0.610 0.569
-0.014 -0.024 -0.053 -0.112 -0.133 -0.113 -0.026 0.120 0.205 0.287 0.370 0.476 0.597 0.664 0.755 0.798 0.923 1.000 0.944 0.866 0.795 0.717 0.669
0.034 0.028 0.003 -0.046 -0.076 -0.058 0.015 0.136 0.203 0.260 0.309 0.402 0.505 0.553 0.633 0.685 0.833 0.944 1.000 0.955 0.881 0.806 0.747
-0.007 -0.007 -0.029 -0.078 -0.103 -0.091 -0.028 0.083 0.141 0.195 0.240 0.332 0.441 0.479 0.567 0.612 0.747 0.866 0.955 1.000 0.966 0.918 0.842
-0.037 -0.038 -0.057 -0.106 -0.125 -0.119 -0.058 0.052 0.099 0.158 0.195 0.300 0.417 0.453 0.554 0.590 0.697 0.795 0.881 0.966 1.000 0.975 0.915
-0.067 -0.068 -0.083 -0.133 -0.136 -0.148 -0.094 0.005 0.051 0.103 0.146 0.228 0.350 0.369 0.478 0.523 0.610 0.717 0.806 0.918 0.975 1.000 0.952
-0.011 -0.012 -0.030 -0.089 -0.099 -0.100 -0.034 0.065 0.109 0.156 0.185 0.262 0.359 0.369 0.441 0.484 0.569 0.669 0.747 0.842 0.915 0.952 1.000
