1.000 0.995 0.970 0.916 0.900 0.891 0.854 0.805 0.757 0.713 0.636 0.581 0.484 0.423 0.352 0.333 0.328 0.322 0.298 0.264 0.242 0.228 0.249
0.995 1.000 0.980 0.926 0.900 0.885 0.841 0.788 0.740 0.696 0.618 0.564 0.467 0.408 0.337 0.319 0.320 0.317 0.294 0.261 0.239 0.226 0.247
0.970 0.980 1.000 0.942 0.895 0.861 0.797 0.737 0.686 0.643 0.566 0.513 0.421 0.368 0.302 0.288 0.299 0.305 0.284 0.251 0.228 0.216 0.235
0.916 0.926 0.942 1.000 0.911 0.843 0.742 0.670 0.612 0.563 0.483 0.432 0.349 0.303 0.243 0.236 0.262 0.271 0.254 0.222 0.199 0.188 0.207
0.900 0.900 0.895 0.911 1.000 0.906 0.776 0.688 0.622 0.569 0.489 0.434 0.351 0.305 0.248 0.238 0.256 0.265 0.247 0.213 0.190 0.175 0.194
0.891 0.885 0.861 0.843 0.906 1.000 0.853 0.754 0.682 0.622 0.533 0.473 0.378 0.325 0.261 0.242 0.252 0.253 0.234 0.200 0.176 0.159 0.180
0.854 0.841 0.797 0.742 0.776 0.853 1.000 0.876 0.788 0.720 0.626 0.560 0.450 0.383 0.308 0.278 0.268 0.259 0.242 0.209 0.183 0.163 0.185
0.805 0.788 0.737 0.670 0.688 0.754 0.876 1.000 0.896 0.821 0.722 0.652 0.530 0.453 0.369 0.325 0.296 0.282 0.263 0.228 0.202 0.177 0.196
0.757 0.740 0.686 0.612 0.622 0.682 0.788 0.896 1.000 0.912 0.802 0.727 0.596 0.509 0.410 0.358 0.309 0.291 0.267 0.232 0.207 0.187 0.213
0.713 0.696 0.643 0.563 0.569 0.622 0.720 0.821 0.912 1.000 0.864 0.780 0.646 0.554 0.446 0.389 0.328 0.301 0.279 0.247 0.226 0.207 0.233
0.636 0.618 0.566 0.483 0.489 0.533 0.626 0.722 0.802 0.864 1.000 0.886 0.736 0.636 0.515 0.448 0.368 0.332 0.306 0.270 0.251 0.228 0.251
0.581 0.564 0.513 0.432 0.434 0.473 0.560 0.652 0.727 0.780 0.886 1.000 0.814 0.707 0.576 0.502 0.413 0.375 0.340 0.305 0.286 0.269 0.282
0.484 0.467 0.421 0.349 0.351 0.378 0.450 0.530 0.596 0.646 0.736 0.814 1.000 0.853 0.708 0.624 0.502 0.442 0.402 0.364 0.348 0.328 0.342
0.423 0.408 0.368 0.303 0.305 0.325 0.383 0.453 0.509 0.554 0.636 0.707 0.853 1.000 0.807 0.712 0.572 0.495 0.447 0.397 0.375 0.361 0.362
0.352 0.337 0.302 0.243 0.248 0.261 0.308 0.369 0.410 0.446 0.515 0.576 0.708 0.807 1.000 0.858 0.685 0.585 0.522 0.462 0.436 0.422 0.406
0.333 0.319 0.288 0.236 0.238 0.242 0.278 0.325 0.358 0.389 0.448 0.502 0.624 0.712 0.858 1.000 0.803 0.692 0.610 0.543 0.510 0.483 0.463
0.328 0.320 0.299 0.262 0.256 0.252 0.268 0.296 0.309 0.328 0.368 0.413 0.502 0.572 0.685 0.803 1.000 0.861 0.763 0.681 0.621 0.573 0.536
0.322 0.317 0.305 0.271 0.265 0.253 0.259 0.282 0.291 0.301 0.332 0.375 0.442 0.495 0.585 0.692 0.861 1.000 0.892 0.796 0.721 0.666 0.612
0.298 0.294 0.284 0.254 0.247 0.234 0.242 0.263 0.267 0.279 0.306 0.340 0.402 0.447 0.522 0.610 0.763 0.892 1.000 0.912 0.826 0.758 0.682
0.264 0.261 0.251 0.222 0.213 0.200 0.209 0.228 0.232 0.247 0.270 0.305 0.364 0.397 0.462 0.543 0.681 0.796 0.912 1.000 0.923 0.844 0.751
0.242 0.239 0.228 0.199 0.190 0.176 0.183 0.202 0.207 0.226 0.251 0.286 0.348 0.375 0.436 0.510 0.621 0.721 0.826 0.923 1.000 0.939 0.826
0.228 0.226 0.216 0.188 0.175 0.159 0.163 0.177 0.187 0.207 0.228 0.269 0.328 0.361 0.422 0.483 0.573 0.666 0.758 0.844 0.939 1.000 0.896
0.249 0.247 0.235 0.207 0.194 0.180 0.185 0.196 0.213 0.233 0.251 0.282 0.342 0.362 0.406 0.463 0.536 0.612 0.682 0.751 0.826 0.896 1.000
